{
 "cells": [
  {
   "cell_type": "markdown",
   "metadata": {},
   "source": [
    "<em><sub>This page is available as an executable or viewable <strong>Jupyter Notebook</strong>:</sub></em>\n",
    "<br/><br/>\n",
    "<a href=\"https://mybinder.org/v2/gh/JetBrains/lets-plot/v2.0.0demos1?filepath=docs%2Fexamples%2Fjupyter-notebooks%2Fcorrelation_plot.ipynb\"\n",
    "   target=\"_parent\">\n",
    "   <img align=\"left\"\n",
    "        src=\"https://mybinder.org/badge_logo.svg\">\n",
    "</a>\n",
    "<a href=\"https://nbviewer.jupyter.org/github/JetBrains/lets-plot/blob/master/docs/examples/jupyter-notebooks/correlation_plot.ipynb\"\n",
    "   target=\"_parent\">\n",
    "   <img align=\"right\"\n",
    "        src=\"https://raw.githubusercontent.com/jupyter/design/master/logos/Badges/nbviewer_badge.png\"\n",
    "        width=\"109\" height=\"20\">\n",
    "</a>\n",
    "<br/>\n",
    "<br/>"
   ]
  },
  {
   "cell_type": "markdown",
   "metadata": {},
   "source": [
    "## Correlation Plot\n",
    "\n",
    "The `corr_plot` builder takes a dataframe (can be Pandas `Dataframe` or just Python `dict`) as the input and \n",
    "builds a correlation plot.\n",
    "\n",
    "It allows to combine 'tile', 'point' or 'label' layers in a matrix of 'full', 'lower' or 'upper' type.\n",
    "\n",
    "A call to the terminal `build()` method will create a resulting 'plot' object. \n",
    "This 'plot' object can be further refined using regular Lets-Plot (ggplot) API, like `+ ggtitle()`, `+ ggsize()` and so on.\n",
    "\n",
    "\n",
    "The Ames Housing dataset for this demo was downloaded from [House Prices - Advanced Regression Techniques](https://www.kaggle.com/c/house-prices-advanced-regression-techniques/data?select=train.csv) (train.csv), (c) Kaggle."
   ]
  },
  {
   "cell_type": "code",
   "execution_count": 1,
   "metadata": {},
   "outputs": [
    {
     "name": "stdout",
     "output_type": "stream",
     "text": [
      "The geodata is provided by © OpenStreetMap contributors and is made available here under the Open Database License (ODbL).\n"
     ]
    },
    {
     "data": {
      "text/html": [
       "\n",
       "            <div id=\"gw1FLK\"></div>\n",
       "            <script type=\"text/javascript\" data-lets-plot-script=\"library\">\n",
       "                if(!window.letsPlotCallQueue) {\n",
       "                    window.letsPlotCallQueue = [];\n",
       "                }; \n",
       "                window.letsPlotCall = function(f) {\n",
       "                    window.letsPlotCallQueue.push(f);\n",
       "                };\n",
       "                (function() {\n",
       "                    var script = document.createElement(\"script\");\n",
       "                    script.type = \"text/javascript\";\n",
       "                    script.src = \"https://dl.bintray.com/jetbrains/lets-plot/lets-plot-2.0.0rc2.min.js\";\n",
       "                    script.onload = function() {\n",
       "                        window.letsPlotCall = function(f) {f();};\n",
       "                        window.letsPlotCallQueue.forEach(function(f) {f();});\n",
       "                        window.letsPlotCallQueue = [];\n",
       "                        \n",
       "                    };\n",
       "                    script.onerror = function(event) {\n",
       "                        window.letsPlotCall = function(f) {};    // noop\n",
       "                        window.letsPlotCallQueue = [];\n",
       "                        var div = document.createElement(\"div\");\n",
       "                        div.style.color = 'darkred';\n",
       "                        div.textContent = 'Error loading Lets-Plot JS';\n",
       "                        document.getElementById(\"gw1FLK\").appendChild(div);\n",
       "                    };\n",
       "                    var e = document.getElementById(\"gw1FLK\");\n",
       "                    e.appendChild(script);\n",
       "                })()\n",
       "            </script>\n",
       "            "
      ]
     },
     "metadata": {},
     "output_type": "display_data"
    }
   ],
   "source": [
    "import pandas as pd\n",
    "from lets_plot import *\n",
    "from lets_plot.bistro.corr import *\n",
    "\n",
    "LetsPlot.setup_html()"
   ]
  },
  {
   "cell_type": "code",
   "execution_count": 2,
   "metadata": {},
   "outputs": [],
   "source": [
    "mpg_df = pd.read_csv('https://jetbrains.bintray.com/lets-plot/mpg.csv').drop(columns=['Unnamed: 0'])"
   ]
  },
  {
   "cell_type": "code",
   "execution_count": 3,
   "metadata": {},
   "outputs": [],
   "source": [
    "def group(plots):\n",
    "    \"\"\"\n",
    "    Useful for this demo.\n",
    "    \"\"\"\n",
    "    bunch = GGBunch()\n",
    "    for idx, p in enumerate(plots):\n",
    "        x = (idx % 2) * 450\n",
    "        y = int(idx / 2) * 350\n",
    "        bunch.add_plot(p, x, y)\n",
    "        \n",
    "    return bunch    "
   ]
  },
  {
   "cell_type": "markdown",
   "metadata": {},
   "source": [
    "### Combining 'tile', 'point' and 'label' layers.\n",
    "\n",
    "When combining layers, `corr_plot` chooses an acceptable plot configuration by default."
   ]
  },
  {
   "cell_type": "code",
   "execution_count": 4,
   "metadata": {},
   "outputs": [
    {
     "data": {
      "text/html": [
       "   <div id=\"Nh3pDJ\"></div>\n",
       "   <script type=\"text/javascript\" data-lets-plot-script=\"plot\">\n",
       "       (function() {\n",
       "           var plotSpec={\n",
       "'kind':\"ggbunch\",\n",
       "'items':[{\n",
       "'x':0,\n",
       "'y':0,\n",
       "'width':null,\n",
       "'height':null,\n",
       "'feature_spec':{\n",
       "'data':{\n",
       "},\n",
       "'mapping':{\n",
       "},\n",
       "'data_meta':{\n",
       "},\n",
       "'coord':{\n",
       "'name':\"cartesian\"\n",
       "},\n",
       "'theme':{\n",
       "'axis_title':{\n",
       "'name':\"blank\"\n",
       "},\n",
       "'axis_line_x':{\n",
       "'name':\"blank\"\n",
       "},\n",
       "'axis_line_y':{\n",
       "'name':\"blank\"\n",
       "},\n",
       "'legend_title':{\n",
       "'name':\"blank\"\n",
       "}\n",
       "},\n",
       "'ggsize':{\n",
       "'width':400,\n",
       "'height':300.0\n",
       "},\n",
       "'ggtitle':{\n",
       "'text':\"Tiles\"\n",
       "},\n",
       "'kind':\"plot\",\n",
       "'scales':[{\n",
       "'name':\"\",\n",
       "'aesthetic':\"size\",\n",
       "'na_value':0,\n",
       "'guide':\"none\",\n",
       "'scale_mapper_kind':\"identity\"\n",
       "},{\n",
       "'name':\"Corr\",\n",
       "'aesthetic':\"color\",\n",
       "'breaks':[-1.0,-0.5,0.0,0.5,1.0],\n",
       "'limits':[-1.0,1.0],\n",
       "'na_value':\"rgba(0,0,0,0)\",\n",
       "'low':\"#B3412C\",\n",
       "'mid':\"#EDEDED\",\n",
       "'high':\"#326C81\",\n",
       "'midpoint':0,\n",
       "'scale_mapper_kind':\"color_gradient2\"\n",
       "},{\n",
       "'name':\"Corr\",\n",
       "'aesthetic':\"fill\",\n",
       "'breaks':[-1.0,-0.5,0.0,0.5,1.0],\n",
       "'limits':[-1.0,1.0],\n",
       "'na_value':\"rgba(0,0,0,0)\",\n",
       "'low':\"#B3412C\",\n",
       "'mid':\"#EDEDED\",\n",
       "'high':\"#326C81\",\n",
       "'midpoint':0,\n",
       "'scale_mapper_kind':\"color_gradient2\"\n",
       "},{\n",
       "'aesthetic':\"x\",\n",
       "'expand':[0,0.1],\n",
       "'discrete':true,\n",
       "'reverse':false\n",
       "},{\n",
       "'aesthetic':\"y\",\n",
       "'expand':[0,0.1],\n",
       "'discrete':true,\n",
       "'reverse':true\n",
       "}],\n",
       "'layers':[{\n",
       "'geom':\"tile\",\n",
       "'stat':\"corr\",\n",
       "'mapping':{\n",
       "},\n",
       "'show_legend':true,\n",
       "'sampling':\"none\",\n",
       "'tooltips':{\n",
       "'tooltip_formats':[{\n",
       "'field':\"@..corr..\",\n",
       "'format':\".2f\"\n",
       "}],\n",
       "'tooltip_lines':[\"@..corr..\"]\n",
       "},\n",
       "'data_meta':{\n",
       "},\n",
       "'size':0.0,\n",
       "'width':1.002,\n",
       "'height':1.002,\n",
       "'data':{\n",
       "'..x..':[\"displ\",\"displ\",\"displ\",\"displ\",\"displ\",\"year\",\"year\",\"year\",\"year\",\"year\",\"cyl\",\"cyl\",\"cyl\",\"cyl\",\"cyl\",\"cty\",\"cty\",\"cty\",\"cty\",\"cty\",\"hwy\",\"hwy\",\"hwy\",\"hwy\",\"hwy\"],\n",
       "'..y..':[\"displ\",\"year\",\"cyl\",\"cty\",\"hwy\",\"displ\",\"year\",\"cyl\",\"cty\",\"hwy\",\"displ\",\"year\",\"cyl\",\"cty\",\"hwy\",\"displ\",\"year\",\"cyl\",\"cty\",\"hwy\",\"displ\",\"year\",\"cyl\",\"cty\",\"hwy\"],\n",
       "'..corr..':[1.0,0.14784281645020295,0.9302271024198506,-0.7985239689348548,-0.7660200208864677,0.14784281645020295,1.0,0.1222453474355237,-0.0372322908599655,0.0021576430766320123,0.9302271024198506,0.1222453474355237,1.0,-0.8057714082675279,-0.7619123538971942,-0.7985239689348548,-0.0372322908599655,-0.8057714082675279,1.0,0.9559159136495734,-0.7660200208864677,0.0021576430766320123,-0.7619123538971942,0.9559159136495734,1.0]\n",
       "}\n",
       "}]\n",
       "}\n",
       "},{\n",
       "'x':450,\n",
       "'y':0,\n",
       "'width':null,\n",
       "'height':null,\n",
       "'feature_spec':{\n",
       "'data':{\n",
       "},\n",
       "'mapping':{\n",
       "},\n",
       "'data_meta':{\n",
       "},\n",
       "'coord':{\n",
       "'name':\"fixed\",\n",
       "'ratio':1.0\n",
       "},\n",
       "'theme':{\n",
       "'axis_title':{\n",
       "'name':\"blank\"\n",
       "},\n",
       "'axis_line_x':{\n",
       "'name':\"blank\"\n",
       "},\n",
       "'axis_line_y':{\n",
       "'name':\"blank\"\n",
       "},\n",
       "'legend_title':{\n",
       "'name':\"blank\"\n",
       "}\n",
       "},\n",
       "'ggsize':{\n",
       "'width':400,\n",
       "'height':300.0\n",
       "},\n",
       "'ggtitle':{\n",
       "'text':\"Points\"\n",
       "},\n",
       "'kind':\"plot\",\n",
       "'scales':[{\n",
       "'name':\"\",\n",
       "'aesthetic':\"size\",\n",
       "'na_value':0,\n",
       "'guide':\"none\",\n",
       "'scale_mapper_kind':\"identity\"\n",
       "},{\n",
       "'name':\"Corr\",\n",
       "'aesthetic':\"color\",\n",
       "'breaks':[-1.0,-0.5,0.0,0.5,1.0],\n",
       "'limits':[-1.0,1.0],\n",
       "'na_value':\"rgba(0,0,0,0)\",\n",
       "'low':\"#B3412C\",\n",
       "'mid':\"#EDEDED\",\n",
       "'high':\"#326C81\",\n",
       "'midpoint':0,\n",
       "'scale_mapper_kind':\"color_gradient2\"\n",
       "},{\n",
       "'name':\"Corr\",\n",
       "'aesthetic':\"fill\",\n",
       "'breaks':[-1.0,-0.5,0.0,0.5,1.0],\n",
       "'limits':[-1.0,1.0],\n",
       "'na_value':\"rgba(0,0,0,0)\",\n",
       "'low':\"#B3412C\",\n",
       "'mid':\"#EDEDED\",\n",
       "'high':\"#326C81\",\n",
       "'midpoint':0,\n",
       "'scale_mapper_kind':\"color_gradient2\"\n",
       "},{\n",
       "'aesthetic':\"x\",\n",
       "'discrete':true,\n",
       "'reverse':false\n",
       "},{\n",
       "'aesthetic':\"y\",\n",
       "'discrete':true,\n",
       "'reverse':true\n",
       "}],\n",
       "'layers':[{\n",
       "'geom':\"point\",\n",
       "'stat':\"corr\",\n",
       "'mapping':{\n",
       "'size':\"..corr_abs..\"\n",
       "},\n",
       "'show_legend':true,\n",
       "'sampling':\"none\",\n",
       "'tooltips':{\n",
       "'tooltip_formats':[{\n",
       "'field':\"@..corr..\",\n",
       "'format':\".2f\"\n",
       "}],\n",
       "'tooltip_lines':[\"@..corr..\"]\n",
       "},\n",
       "'data_meta':{\n",
       "},\n",
       "'size_unit':\"x\",\n",
       "'data':{\n",
       "'..x..':[\"displ\",\"displ\",\"displ\",\"displ\",\"displ\",\"year\",\"year\",\"year\",\"year\",\"year\",\"cyl\",\"cyl\",\"cyl\",\"cyl\",\"cyl\",\"cty\",\"cty\",\"cty\",\"cty\",\"cty\",\"hwy\",\"hwy\",\"hwy\",\"hwy\",\"hwy\"],\n",
       "'..y..':[\"displ\",\"year\",\"cyl\",\"cty\",\"hwy\",\"displ\",\"year\",\"cyl\",\"cty\",\"hwy\",\"displ\",\"year\",\"cyl\",\"cty\",\"hwy\",\"displ\",\"year\",\"cyl\",\"cty\",\"hwy\",\"displ\",\"year\",\"cyl\",\"cty\",\"hwy\"],\n",
       "'..corr..':[1.0,0.14784281645020295,0.9302271024198506,-0.7985239689348548,-0.7660200208864677,0.14784281645020295,1.0,0.1222453474355237,-0.0372322908599655,0.0021576430766320123,0.9302271024198506,0.1222453474355237,1.0,-0.8057714082675279,-0.7619123538971942,-0.7985239689348548,-0.0372322908599655,-0.8057714082675279,1.0,0.9559159136495734,-0.7660200208864677,0.0021576430766320123,-0.7619123538971942,0.9559159136495734,1.0],\n",
       "'..corr_abs..':[1.0,0.14784281645020295,0.9302271024198506,0.7985239689348548,0.7660200208864677,0.14784281645020295,1.0,0.1222453474355237,0.0372322908599655,0.0021576430766320123,0.9302271024198506,0.1222453474355237,1.0,0.8057714082675279,0.7619123538971942,0.7985239689348548,0.0372322908599655,0.8057714082675279,1.0,0.9559159136495734,0.7660200208864677,0.0021576430766320123,0.7619123538971942,0.9559159136495734,1.0]\n",
       "}\n",
       "}]\n",
       "}\n",
       "},{\n",
       "'x':0,\n",
       "'y':350,\n",
       "'width':null,\n",
       "'height':null,\n",
       "'feature_spec':{\n",
       "'data':{\n",
       "},\n",
       "'mapping':{\n",
       "},\n",
       "'data_meta':{\n",
       "},\n",
       "'coord':{\n",
       "'name':\"cartesian\"\n",
       "},\n",
       "'theme':{\n",
       "'axis_title':{\n",
       "'name':\"blank\"\n",
       "},\n",
       "'axis_line_x':{\n",
       "'name':\"blank\"\n",
       "},\n",
       "'axis_line_y':{\n",
       "'name':\"blank\"\n",
       "},\n",
       "'legend_title':{\n",
       "'name':\"blank\"\n",
       "}\n",
       "},\n",
       "'ggsize':{\n",
       "'width':400,\n",
       "'height':300.0\n",
       "},\n",
       "'ggtitle':{\n",
       "'text':\"Tiles and labels\"\n",
       "},\n",
       "'kind':\"plot\",\n",
       "'scales':[{\n",
       "'name':\"\",\n",
       "'aesthetic':\"size\",\n",
       "'na_value':0,\n",
       "'guide':\"none\",\n",
       "'scale_mapper_kind':\"identity\"\n",
       "},{\n",
       "'name':\"Corr\",\n",
       "'aesthetic':\"color\",\n",
       "'breaks':[-1.0,-0.5,0.0,0.5,1.0],\n",
       "'limits':[-1.0,1.0],\n",
       "'na_value':\"rgba(0,0,0,0)\",\n",
       "'low':\"#B3412C\",\n",
       "'mid':\"#EDEDED\",\n",
       "'high':\"#326C81\",\n",
       "'midpoint':0,\n",
       "'scale_mapper_kind':\"color_gradient2\"\n",
       "},{\n",
       "'name':\"Corr\",\n",
       "'aesthetic':\"fill\",\n",
       "'breaks':[-1.0,-0.5,0.0,0.5,1.0],\n",
       "'limits':[-1.0,1.0],\n",
       "'na_value':\"rgba(0,0,0,0)\",\n",
       "'low':\"#B3412C\",\n",
       "'mid':\"#EDEDED\",\n",
       "'high':\"#326C81\",\n",
       "'midpoint':0,\n",
       "'scale_mapper_kind':\"color_gradient2\"\n",
       "},{\n",
       "'aesthetic':\"x\",\n",
       "'expand':[0,0.1],\n",
       "'discrete':true,\n",
       "'reverse':false\n",
       "},{\n",
       "'aesthetic':\"y\",\n",
       "'expand':[0,0.1],\n",
       "'discrete':true,\n",
       "'reverse':true\n",
       "}],\n",
       "'layers':[{\n",
       "'geom':\"tile\",\n",
       "'stat':\"corr\",\n",
       "'mapping':{\n",
       "},\n",
       "'show_legend':true,\n",
       "'sampling':\"none\",\n",
       "'tooltips':{\n",
       "'tooltip_formats':[{\n",
       "'field':\"@..corr..\",\n",
       "'format':\".2f\"\n",
       "}],\n",
       "'tooltip_lines':[\"@..corr..\"]\n",
       "},\n",
       "'data_meta':{\n",
       "},\n",
       "'size':0.0,\n",
       "'width':1.002,\n",
       "'height':1.002,\n",
       "'type':\"upper\",\n",
       "'diag':false,\n",
       "'data':{\n",
       "'..x..':[\"displ\",\"displ\",\"displ\",\"displ\",\"displ\",\"year\",\"year\",\"year\",\"year\",\"year\",\"cyl\",\"cyl\",\"cyl\",\"cyl\",\"cyl\",\"cty\",\"cty\",\"cty\",\"cty\",\"cty\",\"hwy\",\"hwy\",\"hwy\",\"hwy\",\"hwy\"],\n",
       "'..y..':[\"displ\",\"year\",\"cyl\",\"cty\",\"hwy\",\"displ\",\"year\",\"cyl\",\"cty\",\"hwy\",\"displ\",\"year\",\"cyl\",\"cty\",\"hwy\",\"displ\",\"year\",\"cyl\",\"cty\",\"hwy\",\"displ\",\"year\",\"cyl\",\"cty\",\"hwy\"],\n",
       "'..corr..':[null,0.14784281645020295,0.9302271024198506,-0.7985239689348548,-0.7660200208864677,null,null,0.1222453474355237,-0.0372322908599655,0.0021576430766320123,null,null,null,-0.8057714082675279,-0.7619123538971942,null,null,null,null,0.9559159136495734,null,null,null,null,null]\n",
       "}\n",
       "},{\n",
       "'geom':\"text\",\n",
       "'stat':\"corr\",\n",
       "'mapping':{\n",
       "},\n",
       "'show_legend':true,\n",
       "'sampling':\"none\",\n",
       "'tooltips':{\n",
       "'tooltip_formats':[{\n",
       "'field':\"@..corr..\",\n",
       "'format':\".2f\"\n",
       "}],\n",
       "'tooltip_lines':[\"@..corr..\"]\n",
       "},\n",
       "'data_meta':{\n",
       "},\n",
       "'label_format':\".2f\",\n",
       "'na_text':\"\",\n",
       "'size_unit':\"x\",\n",
       "'type':\"lower\",\n",
       "'diag':false,\n",
       "'size':1,\n",
       "'data':{\n",
       "'..x..':[\"displ\",\"displ\",\"displ\",\"displ\",\"displ\",\"year\",\"year\",\"year\",\"year\",\"year\",\"cyl\",\"cyl\",\"cyl\",\"cyl\",\"cyl\",\"cty\",\"cty\",\"cty\",\"cty\",\"cty\",\"hwy\",\"hwy\",\"hwy\",\"hwy\",\"hwy\"],\n",
       "'..y..':[\"displ\",\"year\",\"cyl\",\"cty\",\"hwy\",\"displ\",\"year\",\"cyl\",\"cty\",\"hwy\",\"displ\",\"year\",\"cyl\",\"cty\",\"hwy\",\"displ\",\"year\",\"cyl\",\"cty\",\"hwy\",\"displ\",\"year\",\"cyl\",\"cty\",\"hwy\"],\n",
       "'..corr..':[null,null,null,null,null,0.14784281645020295,null,null,null,null,0.9302271024198506,0.1222453474355237,null,null,null,-0.7985239689348548,-0.0372322908599655,-0.8057714082675279,null,null,-0.7660200208864677,0.0021576430766320123,-0.7619123538971942,0.9559159136495734,null]\n",
       "}\n",
       "}]\n",
       "}\n",
       "},{\n",
       "'x':450,\n",
       "'y':350,\n",
       "'width':null,\n",
       "'height':null,\n",
       "'feature_spec':{\n",
       "'data':{\n",
       "},\n",
       "'mapping':{\n",
       "},\n",
       "'data_meta':{\n",
       "},\n",
       "'coord':{\n",
       "'name':\"cartesian\"\n",
       "},\n",
       "'theme':{\n",
       "'axis_title':{\n",
       "'name':\"blank\"\n",
       "},\n",
       "'axis_line_x':{\n",
       "'name':\"blank\"\n",
       "},\n",
       "'axis_line_y':{\n",
       "'name':\"blank\"\n",
       "},\n",
       "'legend_title':{\n",
       "'name':\"blank\"\n",
       "}\n",
       "},\n",
       "'ggsize':{\n",
       "'width':400,\n",
       "'height':300.0\n",
       "},\n",
       "'ggtitle':{\n",
       "'text':\"Tiles, points and labels\"\n",
       "},\n",
       "'kind':\"plot\",\n",
       "'scales':[{\n",
       "'name':\"\",\n",
       "'aesthetic':\"size\",\n",
       "'na_value':0,\n",
       "'guide':\"none\",\n",
       "'scale_mapper_kind':\"identity\"\n",
       "},{\n",
       "'name':\"Corr\",\n",
       "'aesthetic':\"color\",\n",
       "'breaks':[-1.0,-0.5,0.0,0.5,1.0],\n",
       "'limits':[-1.0,1.0],\n",
       "'na_value':\"rgba(0,0,0,0)\",\n",
       "'low':\"#B3412C\",\n",
       "'mid':\"#EDEDED\",\n",
       "'high':\"#326C81\",\n",
       "'midpoint':0,\n",
       "'scale_mapper_kind':\"color_gradient2\"\n",
       "},{\n",
       "'name':\"Corr\",\n",
       "'aesthetic':\"fill\",\n",
       "'breaks':[-1.0,-0.5,0.0,0.5,1.0],\n",
       "'limits':[-1.0,1.0],\n",
       "'na_value':\"rgba(0,0,0,0)\",\n",
       "'low':\"#B3412C\",\n",
       "'mid':\"#EDEDED\",\n",
       "'high':\"#326C81\",\n",
       "'midpoint':0,\n",
       "'scale_mapper_kind':\"color_gradient2\"\n",
       "},{\n",
       "'aesthetic':\"x\",\n",
       "'expand':[0,0.1],\n",
       "'discrete':true,\n",
       "'reverse':false\n",
       "},{\n",
       "'aesthetic':\"y\",\n",
       "'expand':[0,0.1],\n",
       "'discrete':true,\n",
       "'reverse':true\n",
       "}],\n",
       "'layers':[{\n",
       "'geom':\"tile\",\n",
       "'stat':\"corr\",\n",
       "'mapping':{\n",
       "},\n",
       "'show_legend':true,\n",
       "'sampling':\"none\",\n",
       "'tooltips':{\n",
       "'tooltip_formats':[{\n",
       "'field':\"@..corr..\",\n",
       "'format':\".2f\"\n",
       "}],\n",
       "'tooltip_lines':[\"@..corr..\"]\n",
       "},\n",
       "'data_meta':{\n",
       "},\n",
       "'size':0.0,\n",
       "'width':1.002,\n",
       "'height':1.002,\n",
       "'type':\"upper\",\n",
       "'diag':false,\n",
       "'data':{\n",
       "'..x..':[\"displ\",\"displ\",\"displ\",\"displ\",\"displ\",\"year\",\"year\",\"year\",\"year\",\"year\",\"cyl\",\"cyl\",\"cyl\",\"cyl\",\"cyl\",\"cty\",\"cty\",\"cty\",\"cty\",\"cty\",\"hwy\",\"hwy\",\"hwy\",\"hwy\",\"hwy\"],\n",
       "'..y..':[\"displ\",\"year\",\"cyl\",\"cty\",\"hwy\",\"displ\",\"year\",\"cyl\",\"cty\",\"hwy\",\"displ\",\"year\",\"cyl\",\"cty\",\"hwy\",\"displ\",\"year\",\"cyl\",\"cty\",\"hwy\",\"displ\",\"year\",\"cyl\",\"cty\",\"hwy\"],\n",
       "'..corr..':[null,0.14784281645020295,0.9302271024198506,-0.7985239689348548,-0.7660200208864677,null,null,0.1222453474355237,-0.0372322908599655,0.0021576430766320123,null,null,null,-0.8057714082675279,-0.7619123538971942,null,null,null,null,0.9559159136495734,null,null,null,null,null]\n",
       "}\n",
       "},{\n",
       "'geom':\"point\",\n",
       "'stat':\"corr\",\n",
       "'mapping':{\n",
       "'size':\"..corr_abs..\"\n",
       "},\n",
       "'show_legend':true,\n",
       "'sampling':\"none\",\n",
       "'tooltips':{\n",
       "'tooltip_formats':[{\n",
       "'field':\"@..corr..\",\n",
       "'format':\".2f\"\n",
       "}],\n",
       "'tooltip_lines':[\"@..corr..\"]\n",
       "},\n",
       "'data_meta':{\n",
       "},\n",
       "'size_unit':\"x\",\n",
       "'type':\"lower\",\n",
       "'diag':false,\n",
       "'data':{\n",
       "'..x..':[\"displ\",\"displ\",\"displ\",\"displ\",\"displ\",\"year\",\"year\",\"year\",\"year\",\"year\",\"cyl\",\"cyl\",\"cyl\",\"cyl\",\"cyl\",\"cty\",\"cty\",\"cty\",\"cty\",\"cty\",\"hwy\",\"hwy\",\"hwy\",\"hwy\",\"hwy\"],\n",
       "'..y..':[\"displ\",\"year\",\"cyl\",\"cty\",\"hwy\",\"displ\",\"year\",\"cyl\",\"cty\",\"hwy\",\"displ\",\"year\",\"cyl\",\"cty\",\"hwy\",\"displ\",\"year\",\"cyl\",\"cty\",\"hwy\",\"displ\",\"year\",\"cyl\",\"cty\",\"hwy\"],\n",
       "'..corr..':[null,null,null,null,null,0.14784281645020295,null,null,null,null,0.9302271024198506,0.1222453474355237,null,null,null,-0.7985239689348548,-0.0372322908599655,-0.8057714082675279,null,null,-0.7660200208864677,0.0021576430766320123,-0.7619123538971942,0.9559159136495734,null],\n",
       "'..corr_abs..':[null,null,null,null,null,0.14784281645020295,null,null,null,null,0.9302271024198506,0.1222453474355237,null,null,null,0.7985239689348548,0.0372322908599655,0.8057714082675279,null,null,0.7660200208864677,0.0021576430766320123,0.7619123538971942,0.9559159136495734,null]\n",
       "}\n",
       "},{\n",
       "'geom':\"text\",\n",
       "'stat':\"corr\",\n",
       "'mapping':{\n",
       "'size':\"..corr_abs..\"\n",
       "},\n",
       "'show_legend':true,\n",
       "'sampling':\"none\",\n",
       "'tooltips':{\n",
       "'tooltip_formats':[{\n",
       "'field':\"@..corr..\",\n",
       "'format':\".2f\"\n",
       "}],\n",
       "'tooltip_lines':[\"@..corr..\"]\n",
       "},\n",
       "'data_meta':{\n",
       "},\n",
       "'label_format':\".2f\",\n",
       "'na_text':\"\",\n",
       "'size_unit':\"x\",\n",
       "'type':\"lower\",\n",
       "'diag':false,\n",
       "'color':\"white\",\n",
       "'data':{\n",
       "'..x..':[\"displ\",\"displ\",\"displ\",\"displ\",\"displ\",\"year\",\"year\",\"year\",\"year\",\"year\",\"cyl\",\"cyl\",\"cyl\",\"cyl\",\"cyl\",\"cty\",\"cty\",\"cty\",\"cty\",\"cty\",\"hwy\",\"hwy\",\"hwy\",\"hwy\",\"hwy\"],\n",
       "'..y..':[\"displ\",\"year\",\"cyl\",\"cty\",\"hwy\",\"displ\",\"year\",\"cyl\",\"cty\",\"hwy\",\"displ\",\"year\",\"cyl\",\"cty\",\"hwy\",\"displ\",\"year\",\"cyl\",\"cty\",\"hwy\",\"displ\",\"year\",\"cyl\",\"cty\",\"hwy\"],\n",
       "'..corr..':[null,null,null,null,null,0.14784281645020295,null,null,null,null,0.9302271024198506,0.1222453474355237,null,null,null,-0.7985239689348548,-0.0372322908599655,-0.8057714082675279,null,null,-0.7660200208864677,0.0021576430766320123,-0.7619123538971942,0.9559159136495734,null],\n",
       "'..corr_abs..':[null,null,null,null,null,0.14784281645020295,null,null,null,null,0.9302271024198506,0.1222453474355237,null,null,null,0.7985239689348548,0.0372322908599655,0.8057714082675279,null,null,0.7660200208864677,0.0021576430766320123,0.7619123538971942,0.9559159136495734,null]\n",
       "}\n",
       "}]\n",
       "}\n",
       "}]\n",
       "};\n",
       "           var plotContainer = document.getElementById(\"Nh3pDJ\");\n",
       "           window.letsPlotCall(function() {{\n",
       "               LetsPlot.buildPlotFromProcessedSpecs(plotSpec, -1, -1, plotContainer);\n",
       "           }});\n",
       "       })();    \n",
       "   </script>"
      ],
      "text/plain": [
       "<lets_plot.plot.plot.GGBunch at 0x7fc2685853d0>"
      ]
     },
     "execution_count": 4,
     "metadata": {},
     "output_type": "execute_result"
    }
   ],
   "source": [
    "group([\n",
    "    corr_plot(mpg_df).tiles().build() + ggtitle(\"Tiles\"),\n",
    "    corr_plot(mpg_df).points().build() + ggtitle(\"Points\"), \n",
    "    corr_plot(mpg_df).tiles().labels().build() + ggtitle(\"Tiles and labels\"),\n",
    "    corr_plot(mpg_df).points().labels().tiles().build() + ggtitle(\"Tiles, points and labels\")\n",
    "])"
   ]
  },
  {
   "cell_type": "markdown",
   "metadata": {},
   "source": [
    "The default plot configuration adapts to the changing options - compare 'Tiles and labels' plot above and below.\n",
    "\n",
    "You can also override the default plot configuration using the parameter 'type' - compare 'Tiles, points and labels' plot above and below."
   ]
  },
  {
   "cell_type": "code",
   "execution_count": 5,
   "metadata": {},
   "outputs": [
    {
     "data": {
      "text/html": [
       "   <div id=\"oEOxtK\"></div>\n",
       "   <script type=\"text/javascript\" data-lets-plot-script=\"plot\">\n",
       "       (function() {\n",
       "           var plotSpec={\n",
       "'kind':\"ggbunch\",\n",
       "'items':[{\n",
       "'x':0,\n",
       "'y':0,\n",
       "'width':null,\n",
       "'height':null,\n",
       "'feature_spec':{\n",
       "'data':{\n",
       "},\n",
       "'mapping':{\n",
       "},\n",
       "'data_meta':{\n",
       "},\n",
       "'coord':{\n",
       "'name':\"cartesian\"\n",
       "},\n",
       "'theme':{\n",
       "'axis_title':{\n",
       "'name':\"blank\"\n",
       "},\n",
       "'axis_line_x':{\n",
       "'name':\"blank\"\n",
       "},\n",
       "'axis_line_y':{\n",
       "'name':\"blank\"\n",
       "},\n",
       "'legend_title':{\n",
       "'name':\"blank\"\n",
       "}\n",
       "},\n",
       "'ggsize':{\n",
       "'width':400,\n",
       "'height':300.0\n",
       "},\n",
       "'ggtitle':{\n",
       "'text':\"Tiles and labels\"\n",
       "},\n",
       "'kind':\"plot\",\n",
       "'scales':[{\n",
       "'name':\"\",\n",
       "'aesthetic':\"size\",\n",
       "'na_value':0,\n",
       "'guide':\"none\",\n",
       "'scale_mapper_kind':\"identity\"\n",
       "},{\n",
       "'name':\"Corr\",\n",
       "'aesthetic':\"color\",\n",
       "'breaks':[-1.0,-0.5,0.0,0.5,1.0],\n",
       "'limits':[-1.0,1.0],\n",
       "'na_value':\"rgba(0,0,0,0)\",\n",
       "'low':\"#B3412C\",\n",
       "'mid':\"#EDEDED\",\n",
       "'high':\"#326C81\",\n",
       "'midpoint':0,\n",
       "'scale_mapper_kind':\"color_gradient2\"\n",
       "},{\n",
       "'name':\"Corr\",\n",
       "'aesthetic':\"fill\",\n",
       "'breaks':[-1.0,-0.5,0.0,0.5,1.0],\n",
       "'limits':[-1.0,1.0],\n",
       "'na_value':\"rgba(0,0,0,0)\",\n",
       "'low':\"#B3412C\",\n",
       "'mid':\"#EDEDED\",\n",
       "'high':\"#326C81\",\n",
       "'midpoint':0,\n",
       "'scale_mapper_kind':\"color_gradient2\"\n",
       "},{\n",
       "'aesthetic':\"x\",\n",
       "'expand':[0,0.1],\n",
       "'discrete':true,\n",
       "'reverse':false\n",
       "},{\n",
       "'aesthetic':\"y\",\n",
       "'expand':[0,0.1],\n",
       "'discrete':true,\n",
       "'reverse':true\n",
       "}],\n",
       "'layers':[{\n",
       "'geom':\"tile\",\n",
       "'stat':\"corr\",\n",
       "'mapping':{\n",
       "},\n",
       "'show_legend':true,\n",
       "'sampling':\"none\",\n",
       "'tooltips':{\n",
       "'tooltip_formats':[{\n",
       "'field':\"@..corr..\",\n",
       "'format':\".2f\"\n",
       "}],\n",
       "'tooltip_lines':[\"@..corr..\"]\n",
       "},\n",
       "'data_meta':{\n",
       "},\n",
       "'size':0.0,\n",
       "'width':1.002,\n",
       "'height':1.002,\n",
       "'data':{\n",
       "'..x..':[\"displ\",\"displ\",\"displ\",\"displ\",\"displ\",\"year\",\"year\",\"year\",\"year\",\"year\",\"cyl\",\"cyl\",\"cyl\",\"cyl\",\"cyl\",\"cty\",\"cty\",\"cty\",\"cty\",\"cty\",\"hwy\",\"hwy\",\"hwy\",\"hwy\",\"hwy\"],\n",
       "'..y..':[\"displ\",\"year\",\"cyl\",\"cty\",\"hwy\",\"displ\",\"year\",\"cyl\",\"cty\",\"hwy\",\"displ\",\"year\",\"cyl\",\"cty\",\"hwy\",\"displ\",\"year\",\"cyl\",\"cty\",\"hwy\",\"displ\",\"year\",\"cyl\",\"cty\",\"hwy\"],\n",
       "'..corr..':[1.0,0.14784281645020295,0.9302271024198506,-0.7985239689348548,-0.7660200208864677,0.14784281645020295,1.0,0.1222453474355237,-0.0372322908599655,0.0021576430766320123,0.9302271024198506,0.1222453474355237,1.0,-0.8057714082675279,-0.7619123538971942,-0.7985239689348548,-0.0372322908599655,-0.8057714082675279,1.0,0.9559159136495734,-0.7660200208864677,0.0021576430766320123,-0.7619123538971942,0.9559159136495734,1.0]\n",
       "}\n",
       "},{\n",
       "'geom':\"text\",\n",
       "'stat':\"corr\",\n",
       "'mapping':{\n",
       "},\n",
       "'show_legend':true,\n",
       "'sampling':\"none\",\n",
       "'tooltips':{\n",
       "'tooltip_formats':[{\n",
       "'field':\"@..corr..\",\n",
       "'format':\".2f\"\n",
       "}],\n",
       "'tooltip_lines':[\"@..corr..\"]\n",
       "},\n",
       "'data_meta':{\n",
       "},\n",
       "'label_format':\".2f\",\n",
       "'na_text':\"\",\n",
       "'size_unit':\"x\",\n",
       "'color':\"white\",\n",
       "'size':1,\n",
       "'data':{\n",
       "'..x..':[\"displ\",\"displ\",\"displ\",\"displ\",\"displ\",\"year\",\"year\",\"year\",\"year\",\"year\",\"cyl\",\"cyl\",\"cyl\",\"cyl\",\"cyl\",\"cty\",\"cty\",\"cty\",\"cty\",\"cty\",\"hwy\",\"hwy\",\"hwy\",\"hwy\",\"hwy\"],\n",
       "'..y..':[\"displ\",\"year\",\"cyl\",\"cty\",\"hwy\",\"displ\",\"year\",\"cyl\",\"cty\",\"hwy\",\"displ\",\"year\",\"cyl\",\"cty\",\"hwy\",\"displ\",\"year\",\"cyl\",\"cty\",\"hwy\",\"displ\",\"year\",\"cyl\",\"cty\",\"hwy\"],\n",
       "'..corr..':[1.0,0.14784281645020295,0.9302271024198506,-0.7985239689348548,-0.7660200208864677,0.14784281645020295,1.0,0.1222453474355237,-0.0372322908599655,0.0021576430766320123,0.9302271024198506,0.1222453474355237,1.0,-0.8057714082675279,-0.7619123538971942,-0.7985239689348548,-0.0372322908599655,-0.8057714082675279,1.0,0.9559159136495734,-0.7660200208864677,0.0021576430766320123,-0.7619123538971942,0.9559159136495734,1.0]\n",
       "}\n",
       "}]\n",
       "}\n",
       "},{\n",
       "'x':450,\n",
       "'y':0,\n",
       "'width':null,\n",
       "'height':null,\n",
       "'feature_spec':{\n",
       "'data':{\n",
       "},\n",
       "'mapping':{\n",
       "},\n",
       "'data_meta':{\n",
       "},\n",
       "'coord':{\n",
       "'name':\"cartesian\"\n",
       "},\n",
       "'theme':{\n",
       "'axis_title':{\n",
       "'name':\"blank\"\n",
       "},\n",
       "'axis_line_x':{\n",
       "'name':\"blank\"\n",
       "},\n",
       "'axis_line_y':{\n",
       "'name':\"blank\"\n",
       "},\n",
       "'legend_title':{\n",
       "'name':\"blank\"\n",
       "}\n",
       "},\n",
       "'ggsize':{\n",
       "'width':400,\n",
       "'height':300.0\n",
       "},\n",
       "'ggtitle':{\n",
       "'text':\"Tiles, points and labels\"\n",
       "},\n",
       "'kind':\"plot\",\n",
       "'scales':[{\n",
       "'name':\"\",\n",
       "'aesthetic':\"size\",\n",
       "'na_value':0,\n",
       "'guide':\"none\",\n",
       "'scale_mapper_kind':\"identity\"\n",
       "},{\n",
       "'name':\"Corr\",\n",
       "'aesthetic':\"color\",\n",
       "'breaks':[-1.0,-0.5,0.0,0.5,1.0],\n",
       "'limits':[-1.0,1.0],\n",
       "'na_value':\"rgba(0,0,0,0)\",\n",
       "'low':\"#B3412C\",\n",
       "'mid':\"#EDEDED\",\n",
       "'high':\"#326C81\",\n",
       "'midpoint':0,\n",
       "'scale_mapper_kind':\"color_gradient2\"\n",
       "},{\n",
       "'name':\"Corr\",\n",
       "'aesthetic':\"fill\",\n",
       "'breaks':[-1.0,-0.5,0.0,0.5,1.0],\n",
       "'limits':[-1.0,1.0],\n",
       "'na_value':\"rgba(0,0,0,0)\",\n",
       "'low':\"#B3412C\",\n",
       "'mid':\"#EDEDED\",\n",
       "'high':\"#326C81\",\n",
       "'midpoint':0,\n",
       "'scale_mapper_kind':\"color_gradient2\"\n",
       "},{\n",
       "'aesthetic':\"x\",\n",
       "'expand':[0,0.1],\n",
       "'discrete':true,\n",
       "'reverse':false\n",
       "},{\n",
       "'aesthetic':\"y\",\n",
       "'expand':[0,0.1],\n",
       "'discrete':true,\n",
       "'reverse':true\n",
       "}],\n",
       "'layers':[{\n",
       "'geom':\"tile\",\n",
       "'stat':\"corr\",\n",
       "'mapping':{\n",
       "},\n",
       "'show_legend':true,\n",
       "'sampling':\"none\",\n",
       "'tooltips':{\n",
       "'tooltip_formats':[{\n",
       "'field':\"@..corr..\",\n",
       "'format':\".2f\"\n",
       "}],\n",
       "'tooltip_lines':[\"@..corr..\"]\n",
       "},\n",
       "'data_meta':{\n",
       "},\n",
       "'size':0.0,\n",
       "'width':1.002,\n",
       "'height':1.002,\n",
       "'type':\"lower\",\n",
       "'diag':false,\n",
       "'data':{\n",
       "'..x..':[\"displ\",\"displ\",\"displ\",\"displ\",\"displ\",\"year\",\"year\",\"year\",\"year\",\"year\",\"cyl\",\"cyl\",\"cyl\",\"cyl\",\"cyl\",\"cty\",\"cty\",\"cty\",\"cty\",\"cty\",\"hwy\",\"hwy\",\"hwy\",\"hwy\",\"hwy\"],\n",
       "'..y..':[\"displ\",\"year\",\"cyl\",\"cty\",\"hwy\",\"displ\",\"year\",\"cyl\",\"cty\",\"hwy\",\"displ\",\"year\",\"cyl\",\"cty\",\"hwy\",\"displ\",\"year\",\"cyl\",\"cty\",\"hwy\",\"displ\",\"year\",\"cyl\",\"cty\",\"hwy\"],\n",
       "'..corr..':[null,null,null,null,null,0.14784281645020295,null,null,null,null,0.9302271024198506,0.1222453474355237,null,null,null,-0.7985239689348548,-0.0372322908599655,-0.8057714082675279,null,null,-0.7660200208864677,0.0021576430766320123,-0.7619123538971942,0.9559159136495734,null]\n",
       "}\n",
       "},{\n",
       "'geom':\"point\",\n",
       "'stat':\"corr\",\n",
       "'mapping':{\n",
       "'size':\"..corr_abs..\"\n",
       "},\n",
       "'show_legend':true,\n",
       "'sampling':\"none\",\n",
       "'tooltips':{\n",
       "'tooltip_formats':[{\n",
       "'field':\"@..corr..\",\n",
       "'format':\".2f\"\n",
       "}],\n",
       "'tooltip_lines':[\"@..corr..\"]\n",
       "},\n",
       "'data_meta':{\n",
       "},\n",
       "'size_unit':\"x\",\n",
       "'type':\"upper\",\n",
       "'diag':false,\n",
       "'data':{\n",
       "'..x..':[\"displ\",\"displ\",\"displ\",\"displ\",\"displ\",\"year\",\"year\",\"year\",\"year\",\"year\",\"cyl\",\"cyl\",\"cyl\",\"cyl\",\"cyl\",\"cty\",\"cty\",\"cty\",\"cty\",\"cty\",\"hwy\",\"hwy\",\"hwy\",\"hwy\",\"hwy\"],\n",
       "'..y..':[\"displ\",\"year\",\"cyl\",\"cty\",\"hwy\",\"displ\",\"year\",\"cyl\",\"cty\",\"hwy\",\"displ\",\"year\",\"cyl\",\"cty\",\"hwy\",\"displ\",\"year\",\"cyl\",\"cty\",\"hwy\",\"displ\",\"year\",\"cyl\",\"cty\",\"hwy\"],\n",
       "'..corr..':[null,0.14784281645020295,0.9302271024198506,-0.7985239689348548,-0.7660200208864677,null,null,0.1222453474355237,-0.0372322908599655,0.0021576430766320123,null,null,null,-0.8057714082675279,-0.7619123538971942,null,null,null,null,0.9559159136495734,null,null,null,null,null],\n",
       "'..corr_abs..':[null,0.14784281645020295,0.9302271024198506,0.7985239689348548,0.7660200208864677,null,null,0.1222453474355237,0.0372322908599655,0.0021576430766320123,null,null,null,0.8057714082675279,0.7619123538971942,null,null,null,null,0.9559159136495734,null,null,null,null,null]\n",
       "}\n",
       "},{\n",
       "'geom':\"text\",\n",
       "'stat':\"corr\",\n",
       "'mapping':{\n",
       "'size':\"..corr_abs..\"\n",
       "},\n",
       "'show_legend':true,\n",
       "'sampling':\"none\",\n",
       "'tooltips':{\n",
       "'tooltip_formats':[{\n",
       "'field':\"@..corr..\",\n",
       "'format':\".2f\"\n",
       "}],\n",
       "'tooltip_lines':[\"@..corr..\"]\n",
       "},\n",
       "'data_meta':{\n",
       "},\n",
       "'label_format':\".2f\",\n",
       "'na_text':\"\",\n",
       "'size_unit':\"x\",\n",
       "'type':\"full\",\n",
       "'color':\"white\",\n",
       "'data':{\n",
       "'..x..':[\"displ\",\"displ\",\"displ\",\"displ\",\"displ\",\"year\",\"year\",\"year\",\"year\",\"year\",\"cyl\",\"cyl\",\"cyl\",\"cyl\",\"cyl\",\"cty\",\"cty\",\"cty\",\"cty\",\"cty\",\"hwy\",\"hwy\",\"hwy\",\"hwy\",\"hwy\"],\n",
       "'..y..':[\"displ\",\"year\",\"cyl\",\"cty\",\"hwy\",\"displ\",\"year\",\"cyl\",\"cty\",\"hwy\",\"displ\",\"year\",\"cyl\",\"cty\",\"hwy\",\"displ\",\"year\",\"cyl\",\"cty\",\"hwy\",\"displ\",\"year\",\"cyl\",\"cty\",\"hwy\"],\n",
       "'..corr..':[1.0,0.14784281645020295,0.9302271024198506,-0.7985239689348548,-0.7660200208864677,0.14784281645020295,1.0,0.1222453474355237,-0.0372322908599655,0.0021576430766320123,0.9302271024198506,0.1222453474355237,1.0,-0.8057714082675279,-0.7619123538971942,-0.7985239689348548,-0.0372322908599655,-0.8057714082675279,1.0,0.9559159136495734,-0.7660200208864677,0.0021576430766320123,-0.7619123538971942,0.9559159136495734,1.0],\n",
       "'..corr_abs..':[1.0,0.14784281645020295,0.9302271024198506,0.7985239689348548,0.7660200208864677,0.14784281645020295,1.0,0.1222453474355237,0.0372322908599655,0.0021576430766320123,0.9302271024198506,0.1222453474355237,1.0,0.8057714082675279,0.7619123538971942,0.7985239689348548,0.0372322908599655,0.8057714082675279,1.0,0.9559159136495734,0.7660200208864677,0.0021576430766320123,0.7619123538971942,0.9559159136495734,1.0]\n",
       "}\n",
       "}]\n",
       "}\n",
       "}]\n",
       "};\n",
       "           var plotContainer = document.getElementById(\"oEOxtK\");\n",
       "           window.letsPlotCall(function() {{\n",
       "               LetsPlot.buildPlotFromProcessedSpecs(plotSpec, -1, -1, plotContainer);\n",
       "           }});\n",
       "       })();    \n",
       "   </script>"
      ],
      "text/plain": [
       "<lets_plot.plot.plot.GGBunch at 0x7fc26859bb50>"
      ]
     },
     "execution_count": 5,
     "metadata": {},
     "output_type": "execute_result"
    }
   ],
   "source": [
    "group([\n",
    "    corr_plot(mpg_df).tiles().labels(color=\"white\").build() + ggtitle(\"Tiles and labels\"),\n",
    "    (corr_plot(mpg_df)\n",
    "     .tiles(type=\"upper\")\n",
    "     .points(type=\"lower\")\n",
    "     .labels(type=\"full\").build() + ggtitle(\"Tiles, points and labels\"))\n",
    "])"
   ]
  },
  {
   "cell_type": "markdown",
   "metadata": {},
   "source": [
    "### Customizing colors.\n",
    "\n",
    "Instead of the default blue-grey-red gradient you can define your own lower-middle-upper colors, or \n",
    "choose one of the available 'Brewer' diverging palettes.\n",
    "\n",
    "Let's create a gradient resembling one of Seaborn gradients."
   ]
  },
  {
   "cell_type": "code",
   "execution_count": 6,
   "metadata": {},
   "outputs": [],
   "source": [
